mapstart
00 00 00 00 00 00 5A 00 00 00 00 00 00
10 10 10 10 10 10 10 10 10 10 10 10 10
10 10 10 10 10 10 10 10 10 10 10 10 10
10 10 10 10 10 10 10 10 10 10 10 10 10
10 10 10 10 10 10 10 10 10 10 10 10 10
00 00 00 00 00 10 10 10 00 00 00 00 00
00 00 00 00 00 10 10 10 00 00 00 00 00
00 00 00 00 00 10 10 10 00 00 00 00 00
10 10 10 10 10 10 10 10 10 10 10 10 10
10 10 10 10 10 10 10 10 10 10 10 10 10
10 10 10 10 10 10 10 10 10 10 10 1I 10
10 10 10 10 10 10 10 10 10 10 10 10 10
mapend
initpos=I
locationsstart
A=cave
locationsend
